2000	35	30 	21	150 46 	89 	49 	44 	84 	119 148 72
2001 	46 	104 43 	60 	15 	38 	13 	76	75 	77 	36 	54
2002 	37 	84 	37 	19 	53 	47 	80 	91 	25 	86 	84 	92
2003 	62 	18 	18 	24 	44 	61 	50 	16 	41 	42 	46 	65
2004 	97 	29 	25 	54 	22 	68 	63 	156 20 	120 18 	20
2005 	36 	42 	45 	82 	20 	36 	73 	38 	64 	75 	72 	38
2006 	21 	44 	79 	24 	84 	13 	10 	57 	35 	53 	126 77
2007 	56 	70 	21 	11 	50 	119 100 31 	39 	13 	61 	53
2008 	113 13 	38 	84 	21 	77 	134 95 	98 	45 	41 	57
2009 	39 	36 	21 	37 	38 	78 	169 37 	14 	46 	147 81
2010 	60 	68 	68 	12 	24 	56 	62 	45 	76 	62 	157 41
2011 	36 	58 	25 	7 	40 	48 	66 	125 28 	54 	27 	52
2012 	30 	10 	15 	134 66 	137 98 	103 116 84 	125 99
2013 	81 	27 	59 	23 	101 23 	53 	71 	85 	100 54 	65 
2014	91 	61 	33 	56 	78 	47 	54 	79 	16 	51 	64 	27
2015 	49 	15 	40 	21 	71 	28 	86 	81 	38 	70 	104 120 
2016 	117 30 	52 	83 	39 	50 	35 	70 	36 	52 	86 	46 
2017 	33 	57 	42 	29 	20 	103 71 	49 	89 	29 	86 	25 
2018 	55 	51 	76 	75 	25 	31 	48 	50 	47 	53 	56 	44 
2019 	15 	28 	53 	30 	37 	108 70 	81 	84 	88 	107 29 
2020 	33 	87 	24 	4 	18 	83 	56 	111 57 	95 	26 	112 
2021 	137 82 	24 	14 	82 	29	69 	45 	44 	86 	51 	71 
2022 	16 	65 	41 	27 	51 	40 	49 	13 	99 	90 	104 60 
2023    38 	20 	53 	50